1.043500000000000000e+04
1.199700000000000000e+04
1.168100000000000000e+04
1.165100000000000000e+04
9.548000000000000000e+03
8.771000000000000000e+03
1.075900000000000000e+04
1.121500000000000000e+04
9.405000000000000000e+03
1.058200000000000000e+04
9.657000000000000000e+03
1.241200000000000000e+04
1.012400000000000000e+04
8.550000000000000000e+03
9.932000000000000000e+03
1.057500000000000000e+04
1.100100000000000000e+04
1.231800000000000000e+04
1.078400000000000000e+04
9.190000000000000000e+03
8.100000000000000000e+03
9.650000000000000000e+03
9.957000000000000000e+03
9.282000000000000000e+03
8.554000000000000000e+03
7.189000000000000000e+03
9.886000000000000000e+03
8.487000000000000000e+03
9.736000000000000000e+03
9.542000000000000000e+03
1.053100000000000000e+04
1.143500000000000000e+04
1.055100000000000000e+04
9.937000000000000000e+03
1.143400000000000000e+04
1.088500000000000000e+04
1.080800000000000000e+04
1.083100000000000000e+04
1.092300000000000000e+04
1.001000000000000000e+04
1.020500000000000000e+04
9.354000000000000000e+03
9.905000000000000000e+03
1.042100000000000000e+04
9.146000000000000000e+03
1.122700000000000000e+04
1.092200000000000000e+04
1.084100000000000000e+04
6.477000000000000000e+03
1.040200000000000000e+04
1.116600000000000000e+04
9.125000000000000000e+03
8.677000000000000000e+03
9.473000000000000000e+03
8.359000000000000000e+03
9.155000000000000000e+03
9.200000000000000000e+03
9.948000000000000000e+03
7.841000000000000000e+03
1.019800000000000000e+04
1.102100000000000000e+04
7.867000000000000000e+03
6.677000000000000000e+03
7.838000000000000000e+03
6.507000000000000000e+03
6.026000000000000000e+03
9.921000000000000000e+03
1.124100000000000000e+04
9.387000000000000000e+03
7.217000000000000000e+03
7.176000000000000000e+03
7.405000000000000000e+03
6.856000000000000000e+03
8.745000000000000000e+03
8.453000000000000000e+03
7.753000000000000000e+03
7.438000000000000000e+03
8.806000000000000000e+03
9.481000000000000000e+03
8.607000000000000000e+03
6.562000000000000000e+03
6.990000000000000000e+03
8.104000000000000000e+03
8.070000000000000000e+03
8.974000000000000000e+03
9.145000000000000000e+03
7.390000000000000000e+03
4.463000000000000000e+03
6.222000000000000000e+03
5.648000000000000000e+03
5.374000000000000000e+03
6.675000000000000000e+03
6.009000000000000000e+03
5.611000000000000000e+03
6.593000000000000000e+03
6.870000000000000000e+03
6.229000000000000000e+03
5.998000000000000000e+03
5.969000000000000000e+03
5.558000000000000000e+03
6.717000000000000000e+03
6.483000000000000000e+03
7.406000000000000000e+03
6.555000000000000000e+03
5.431000000000000000e+03
6.609000000000000000e+03
5.036000000000000000e+03
5.457000000000000000e+03
6.080000000000000000e+03
6.418000000000000000e+03
5.463000000000000000e+03
5.668000000000000000e+03
5.584000000000000000e+03
6.339000000000000000e+03
7.204000000000000000e+03
7.518000000000000000e+03
9.377000000000000000e+03
7.136000000000000000e+03
6.463000000000000000e+03
6.682000000000000000e+03
6.679000000000000000e+03
4.940000000000000000e+03
6.440000000000000000e+03
6.741000000000000000e+03
6.332000000000000000e+03
6.028000000000000000e+03
6.809000000000000000e+03
6.394000000000000000e+03
5.559000000000000000e+03
7.398000000000000000e+03
8.236000000000000000e+03
6.577000000000000000e+03
8.090000000000000000e+03
7.452000000000000000e+03
7.355000000000000000e+03
7.087000000000000000e+03
7.913000000000000000e+03
1.094400000000000000e+04
9.493000000000000000e+03
8.686000000000000000e+03
8.287000000000000000e+03
7.380000000000000000e+03
8.834000000000000000e+03
9.349000000000000000e+03
9.735000000000000000e+03
8.391000000000000000e+03
7.964000000000000000e+03
7.767000000000000000e+03
8.825000000000000000e+03
7.052000000000000000e+03
8.686000000000000000e+03
9.329000000000000000e+03
9.217000000000000000e+03
9.831000000000000000e+03
1.053000000000000000e+04
9.408000000000000000e+03
8.759000000000000000e+03
1.231500000000000000e+04
1.100800000000000000e+04
8.974000000000000000e+03
8.945000000000000000e+03
9.141000000000000000e+03
9.403000000000000000e+03
9.665000000000000000e+03
9.479000000000000000e+03
9.296000000000000000e+03
9.210000000000000000e+03
1.048600000000000000e+04
9.322000000000000000e+03
7.247000000000000000e+03
8.767000000000000000e+03
1.060900000000000000e+04
8.250000000000000000e+03
5.176000000000000000e+03
7.112000000000000000e+03
5.502000000000000000e+03
7.739000000000000000e+03
9.248000000000000000e+03
9.640000000000000000e+03
1.116800000000000000e+04
1.074900000000000000e+04
1.040800000000000000e+04
1.064300000000000000e+04
1.010600000000000000e+04
9.722000000000000000e+03
8.939000000000000000e+03
1.299600000000000000e+04
1.178200000000000000e+04
1.137500000000000000e+04
1.116200000000000000e+04
1.168600000000000000e+04
1.155900000000000000e+04
1.199600000000000000e+04
1.200900000000000000e+04
9.845000000000000000e+03
9.735000000000000000e+03
9.521000000000000000e+03
1.044900000000000000e+04
1.021600000000000000e+04
9.916000000000000000e+03
9.144000000000000000e+03
1.035700000000000000e+04
1.101100000000000000e+04
9.838000000000000000e+03
8.906000000000000000e+03
7.881000000000000000e+03
9.986000000000000000e+03
8.866000000000000000e+03
9.876000000000000000e+03
1.111600000000000000e+04
1.183900000000000000e+04
1.099100000000000000e+04
1.114100000000000000e+04
9.898000000000000000e+03
1.331900000000000000e+04
1.202900000000000000e+04
8.901000000000000000e+03
1.078400000000000000e+04
9.885000000000000000e+03
8.656000000000000000e+03
9.689000000000000000e+03
1.137200000000000000e+04
6.495000000000000000e+03
1.039800000000000000e+04
6.294000000000000000e+03
1.012500000000000000e+04
7.440000000000000000e+03
1.088800000000000000e+04
1.229900000000000000e+04
1.142800000000000000e+04
7.694000000000000000e+03
9.275000000000000000e+03
7.136000000000000000e+03
9.721000000000000000e+03
1.061700000000000000e+04
1.412800000000000000e+04
1.169500000000000000e+04
8.293000000000000000e+03
6.051000000000000000e+03
4.678000000000000000e+03
9.840000000000000000e+03
1.151700000000000000e+04
9.601000000000000000e+03
6.240000000000000000e+03
1.147000000000000000e+04
1.184300000000000000e+04
1.208100000000000000e+04
5.719000000000000000e+03
1.180900000000000000e+04
1.080200000000000000e+04
9.691000000000000000e+03
1.061300000000000000e+04
1.109600000000000000e+04
9.802000000000000000e+03
8.691000000000000000e+03
1.100600000000000000e+04
9.444000000000000000e+03
9.964000000000000000e+03
1.111900000000000000e+04
1.182500000000000000e+04
1.240700000000000000e+04
1.403500000000000000e+04
1.387600000000000000e+04
1.293400000000000000e+04
1.096200000000000000e+04
1.555600000000000000e+04
1.411000000000000000e+04
1.295000000000000000e+04
1.279900000000000000e+04
4.003000000000000000e+03
1.021600000000000000e+04
1.079600000000000000e+04
9.145000000000000000e+03
7.487000000000000000e+03
1.148800000000000000e+04
7.926000000000000000e+03
8.662000000000000000e+03
1.069400000000000000e+04
4.487000000000000000e+03
4.784000000000000000e+03
6.624000000000000000e+03
4.862000000000000000e+03
1.123600000000000000e+04
1.256600000000000000e+04
8.808000000000000000e+03
1.261900000000000000e+04
1.341300000000000000e+04
1.292600000000000000e+04
1.329100000000000000e+04
1.280000000000000000e+04
1.236800000000000000e+04
1.368400000000000000e+04
8.254000000000000000e+03
8.725000000000000000e+03
1.123200000000000000e+04
9.626000000000000000e+03
7.089000000000000000e+03
6.283000000000000000e+03
9.968000000000000000e+03
9.883000000000000000e+03
9.443000000000000000e+03
1.359600000000000000e+04
1.365300000000000000e+04
1.201300000000000000e+04
1.223100000000000000e+04
1.215000000000000000e+04
1.475200000000000000e+04
7.281000000000000000e+03
5.366000000000000000e+03
7.444000000000000000e+03
8.149000000000000000e+03
1.291500000000000000e+04
1.354400000000000000e+04
1.321300000000000000e+04
1.433000000000000000e+04
8.947000000000000000e+03
9.020000000000000000e+03
1.380700000000000000e+04
1.275800000000000000e+04
1.402200000000000000e+04
1.370900000000000000e+04
6.833000000000000000e+03
8.643000000000000000e+03
1.184400000000000000e+04
9.250000000000000000e+03
1.077400000000000000e+04
1.200900000000000000e+04
1.055000000000000000e+04
8.635000000000000000e+03
8.962000000000000000e+03
1.026700000000000000e+04
1.428700000000000000e+04
1.010500000000000000e+04
1.030800000000000000e+04
8.622000000000000000e+03
1.317600000000000000e+04
1.438900000000000000e+04
1.456500000000000000e+04
1.381200000000000000e+04
1.457500000000000000e+04
1.501800000000000000e+04
1.219300000000000000e+04
5.777000000000000000e+03
7.294000000000000000e+03
1.117700000000000000e+04
1.079900000000000000e+04
1.243100000000000000e+04
1.423900000000000000e+04
1.282300000000000000e+04
1.123100000000000000e+04
1.092400000000000000e+04
1.377800000000000000e+04
1.266100000000000000e+04
1.189200000000000000e+04
1.443800000000000000e+04
8.359000000000000000e+03
1.091800000000000000e+04
1.034600000000000000e+04
7.844000000000000000e+03
1.043300000000000000e+04
1.198200000000000000e+04
1.213500000000000000e+04
8.553000000000000000e+03
1.300800000000000000e+04
1.296300000000000000e+04
9.151000000000000000e+03
1.148400000000000000e+04
1.216700000000000000e+04
1.293400000000000000e+04
1.065300000000000000e+04
1.059900000000000000e+04
1.265800000000000000e+04
1.162900000000000000e+04
8.987000000000000000e+03
1.339000000000000000e+04
1.191100000000000000e+04
1.234800000000000000e+04
1.091800000000000000e+04
1.102300000000000000e+04
1.028600000000000000e+04
1.070700000000000000e+04
1.019000000000000000e+04
1.102000000000000000e+04
7.830000000000000000e+03
1.265500000000000000e+04
1.056600000000000000e+04
9.924000000000000000e+03
1.126400000000000000e+04
1.289400000000000000e+04
1.258400000000000000e+04
1.102400000000000000e+04
1.176500000000000000e+04
1.099700000000000000e+04
1.004300000000000000e+04
5.924000000000000000e+03
1.059200000000000000e+04
1.103300000000000000e+04
1.155300000000000000e+04
1.002400000000000000e+04
6.486000000000000000e+03
1.035700000000000000e+04
9.360000000000000000e+03
7.098000000000000000e+03
9.788000000000000000e+03
1.110100000000000000e+04
1.086400000000000000e+04
9.488000000000000000e+03
7.125000000000000000e+03
9.585000000000000000e+03
1.063000000000000000e+04
8.525000000000000000e+03
8.796000000000000000e+03
1.004200000000000000e+04
8.812000000000000000e+03
1.041400000000000000e+04
7.863000000000000000e+03
9.011000000000000000e+03
9.351000000000000000e+03
9.767000000000000000e+03
8.943000000000000000e+03
8.783000000000000000e+03
8.993000000000000000e+03
1.063300000000000000e+04
1.195900000000000000e+04
1.291800000000000000e+04
9.036000000000000000e+03
6.570000000000000000e+03
6.310000000000000000e+03
9.317000000000000000e+03
9.064000000000000000e+03
9.746000000000000000e+03
9.252000000000000000e+03
9.607000000000000000e+03
8.295000000000000000e+03
8.543000000000000000e+03
1.035700000000000000e+04
1.022200000000000000e+04
1.017100000000000000e+04
1.068600000000000000e+04
9.481000000000000000e+03
9.055000000000000000e+03
1.063200000000000000e+04
1.034200000000000000e+04
8.164000000000000000e+03
7.579000000000000000e+03
1.010900000000000000e+04
1.018500000000000000e+04
9.795000000000000000e+03
9.616000000000000000e+03
1.027600000000000000e+04
9.067000000000000000e+03
8.659000000000000000e+03
1.080200000000000000e+04
1.098100000000000000e+04
8.909000000000000000e+03
7.813000000000000000e+03
7.173000000000000000e+03
7.438000000000000000e+03
9.221000000000000000e+03
1.001500000000000000e+04
8.311000000000000000e+03
7.805000000000000000e+03
8.856000000000000000e+03
8.512000000000000000e+03
9.001000000000000000e+03
9.853000000000000000e+03
9.988000000000000000e+03
7.869000000000000000e+03
5.943000000000000000e+03
5.925000000000000000e+03
5.888000000000000000e+03
6.730000000000000000e+03
9.414000000000000000e+03
7.646000000000000000e+03
8.375000000000000000e+03
6.660000000000000000e+03
8.017000000000000000e+03
8.438000000000000000e+03
6.673000000000000000e+03
8.407000000000000000e+03
9.155000000000000000e+03
7.310000000000000000e+03
6.577000000000000000e+03
5.730000000000000000e+03
8.281000000000000000e+03
8.769000000000000000e+03
1.056700000000000000e+04
1.055500000000000000e+04
8.364000000000000000e+03
8.940000000000000000e+03
7.797000000000000000e+03
7.680000000000000000e+03
7.121000000000000000e+03
1.044400000000000000e+04
1.199200000000000000e+04
1.022200000000000000e+04
9.324000000000000000e+03
8.518000000000000000e+03
8.342000000000000000e+03
8.971000000000000000e+03
1.037000000000000000e+04
9.892000000000000000e+03
7.004000000000000000e+03
7.764000000000000000e+03
9.063000000000000000e+03
9.171000000000000000e+03
8.176000000000000000e+03
9.282000000000000000e+03
8.695000000000000000e+03
7.104000000000000000e+03
6.656000000000000000e+03
7.346000000000000000e+03
7.089000000000000000e+03
7.914000000000000000e+03
9.775000000000000000e+03
1.227800000000000000e+04
1.001300000000000000e+04
1.137800000000000000e+04
1.046900000000000000e+04
1.133500000000000000e+04
8.295000000000000000e+03
9.257000000000000000e+03
9.292000000000000000e+03
7.405000000000000000e+03
1.008400000000000000e+04
1.101200000000000000e+04
1.097800000000000000e+04
1.084200000000000000e+04
1.269300000000000000e+04
1.010500000000000000e+04
9.178000000000000000e+03
1.110800000000000000e+04
8.526000000000000000e+03
7.055000000000000000e+03
1.077300000000000000e+04
1.218500000000000000e+04
1.328600000000000000e+04
1.189500000000000000e+04
1.185500000000000000e+04
1.273200000000000000e+04
1.159000000000000000e+04
1.177100000000000000e+04
1.280000000000000000e+04
1.414900000000000000e+04
1.061000000000000000e+04
1.013100000000000000e+04
1.196200000000000000e+04
1.279600000000000000e+04
1.204500000000000000e+04
1.275600000000000000e+04
1.283800000000000000e+04
1.135400000000000000e+04
1.210200000000000000e+04
6.621000000000000000e+03
1.186900000000000000e+04
1.083500000000000000e+04
1.217200000000000000e+04
1.251500000000000000e+04
1.200100000000000000e+04
9.907000000000000000e+03
1.035600000000000000e+04
1.083300000000000000e+04
1.071600000000000000e+04
1.094400000000000000e+04
1.113800000000000000e+04
1.191500000000000000e+04
1.352600000000000000e+04
1.299700000000000000e+04
1.175900000000000000e+04
1.178200000000000000e+04
1.188500000000000000e+04
1.325800000000000000e+04
1.141300000000000000e+04
1.143400000000000000e+04
1.147400000000000000e+04
1.156900000000000000e+04
1.091300000000000000e+04
1.059000000000000000e+04
1.193900000000000000e+04
1.123100000000000000e+04
1.030500000000000000e+04
8.821000000000000000e+03
7.949000000000000000e+03
8.172000000000000000e+03
1.161700000000000000e+04
1.267200000000000000e+04
9.002000000000000000e+03
7.463000000000000000e+03
7.969000000000000000e+03
9.770000000000000000e+03
1.064500000000000000e+04
1.155800000000000000e+04
1.238400000000000000e+04
1.177500000000000000e+04
7.723000000000000000e+03
6.777000000000000000e+03
2.931000000000000000e+03
1.152200000000000000e+04
5.543000000000000000e+03
8.345000000000000000e+03
8.208000000000000000e+03
4.341000000000000000e+03
4.900000000000000000e+03
7.550000000000000000e+03
7.183000000000000000e+03
4.734000000000000000e+03
8.480000000000000000e+03
1.152000000000000000e+04
8.454000000000000000e+03
9.054000000000000000e+03
9.791000000000000000e+03
9.598000000000000000e+03
1.134600000000000000e+04
1.401200000000000000e+04
1.461400000000000000e+04
9.409000000000000000e+03
8.311000000000000000e+03
1.309600000000000000e+04
1.129500000000000000e+04
8.889000000000000000e+03
6.260000000000000000e+03
4.689000000000000000e+03
9.999000000000000000e+03
8.645000000000000000e+03
7.502000000000000000e+03
1.371900000000000000e+04
1.438400000000000000e+04
9.521000000000000000e+03
9.950000000000000000e+03
1.321400000000000000e+04
1.199900000000000000e+04
1.132400000000000000e+04
1.162900000000000000e+04
1.167400000000000000e+04
1.246600000000000000e+04
1.285800000000000000e+04
9.087000000000000000e+03
7.516000000000000000e+03
1.007400000000000000e+04
1.314800000000000000e+04
1.200900000000000000e+04
1.208300000000000000e+04
1.337700000000000000e+04
1.195100000000000000e+04
1.206700000000000000e+04
9.008000000000000000e+03
1.198000000000000000e+04
1.097900000000000000e+04
7.378000000000000000e+03
5.082000000000000000e+03
9.998000000000000000e+03
1.230200000000000000e+04
1.178600000000000000e+04
1.018000000000000000e+04
1.138700000000000000e+04
1.159700000000000000e+04
1.240000000000000000e+04
1.163800000000000000e+04
1.203000000000000000e+04
1.113800000000000000e+04
1.114400000000000000e+04
1.310400000000000000e+04
1.364100000000000000e+04
1.401200000000000000e+04
1.577600000000000000e+04
1.329200000000000000e+04
1.240500000000000000e+04
1.313200000000000000e+04
1.396000000000000000e+04
1.319200000000000000e+04
1.370100000000000000e+04
1.461700000000000000e+04
1.414800000000000000e+04
1.354200000000000000e+04
1.276500000000000000e+04
1.429800000000000000e+04
1.345200000000000000e+04
1.452000000000000000e+04
1.303600000000000000e+04
1.414300000000000000e+04
1.441800000000000000e+04
1.064000000000000000e+04
1.078700000000000000e+04
1.394500000000000000e+04
1.355900000000000000e+04
1.419100000000000000e+04
1.367000000000000000e+04
9.924000000000000000e+03
9.546000000000000000e+03
1.341400000000000000e+04
